The sound happens in PlazaRoom 1, and should propagate to PlazaRoom 19.

See http://www.ttlg.com/forums/showthread.php?t=141627 for R Soul's theory (which suggest why these long thin room brushes are an issue)
See PSNDINST.CPP:FindSoundPath():1676 for the gory details.


[ROOM 0    Obj 1060   Name "InsideFishmongersRoom"]
   Archetype: InteriorRoom (1059)
   Center: (-181. -57.5 -279.)
     Plane 0: (1. 0. -0.) 174.875
     Plane 1: (0. 1. 0.) 47.375
     Plane 2: (0. 0. 1.) 273.875
     Plane 3: (-1. -0. 0.) -187.125
     Plane 4: (-0. -1. -0.) -67.625
     Plane 5: (-0. -0. -1.) -284.125
   [Portal 0] (id 2)
     Plane:  (1. 0. 0.) 174.875
     Center: (-174.875 -63. -280.5)
     0 to 4
     Edges:
       [0] (-0. 0. 1.) 276.875
       [1] (-0. 1. -0.) 61.125
       [2] (0. -1. 0.) -64.875
       [3] (0. -0. -1.) -284.125

[ROOM 1    Obj 1050   Name "PlazaRoom"]
   Archetype: ExteriorRoom (1049)
   Center: (-122. -59. -280.)
     Plane 0: (1. 0. -0.) 99.875
     Plane 1: (0. 1. 0.) 8.875
     Plane 2: (0. 0. 1.) 271.875
     Plane 3: (-1. -0. 0.) -144.125
     Plane 4: (-0. -1. -0.) -109.125
     Plane 5: (-0. -0. -1.) -288.125
   [Portal 0] (id 9)
     Plane:  (-1. -0. -0.) -144.125
     Center: (-144.125 -47. -280.)
     1 to 6
     Edges:
       [0] (-0. 0. 1.) 275.875
       [1] (-0. 1. -0.) 43.875
       [2] (0. -1. 0.) -50.125
       [3] (0. -0. -1.) -284.125
   [Portal 1] (id 27)
     Plane:  (-1. -0. -0.) -144.125
     Center: (-144.125 -76. -279.)
     1 to 14
     Edges:
       [0] (-0. 0. 1.) 273.875
       [1] (-0. 0.99999994 -0.) 69.874992
       [2] (0. -0.99999994 0.) -82.124992
       [3] (0. -0. -1.) -284.125
   [Portal 2] (id 36)
     Plane:  (1. 0. 0.) 99.875
     Center: (-99.875 -56. -280.)
     1 to 19
     Edges:
       [0] (-0. 0. 1.) 271.875
       [1] (-0. 1. -0.) 8.875
       [2] (0. -1. 0.) -103.125
       [3] (0. -0. -1.) -288.125
   [Portal 3] (id 83)
     Plane:  (-7.5185848e-003 0.99997175 -0.) 8.0411263
     Center: (-127.5 -9. -280.)
     1 to 29
     Edges:
       [0] (0. 0. 1.) 271.875
       [1] (0.99997169 7.5185848e-003 0.) 110.93859
       [2] (-0.99997169 -7.5185848e-003 -0.) -144.18953
       [3] (-0. -0. -1.) -288.125

[ROOM 2    Obj 1057   Name "OutsideFishmongersRoom"]
   Archetype: AlleyRoom (1056)
   Center: (-165. -59.5 -276.)
     Plane 0: (1. 0. -0.) 156.875
     Plane 1: (0. 1. 0.) 51.375
     Plane 2: (0. 0. 1.) 267.875
     Plane 3: (-1. -0. 0.) -173.125
     Plane 4: (-0. -1. -0.) -67.625
     Plane 5: (-0. -0. -1.) -284.125
   [Portal 0] (id 1)
     Plane:  (-1. -0. -0.) -173.125
     Center: (-173.125 -63. -280.5)
     2 to 3
     Edges:
       [0] (-0. 0. 1.) 276.875
       [1] (-0. 1. -0.) 61.125
       [2] (0. -1. 0.) -64.875
       [3] (0. -0. -1.) -284.125
   [Portal 1] (id 6)
     Plane:  (-0. 1. 0.) 51.375
     Center: (-165. -51.375 -276.)
     2 to 5
     Edges:
       [0] (0. -0. 1.) 267.875
       [1] (-1. -0. -0.) -173.125
       [2] (1. 0. 0.) 156.875
       [3] (-0. 0. -1.) -284.125

[ROOM 3    Obj 1057   Name "OutsideFishmongersRoom"]
   Archetype: AlleyRoom (1056)
   Center: (-173.5 -63. -280.5)
     Plane 0: (1. 0. -0.) 172.875
     Plane 1: (0. 1. 0.) 61.125
     Plane 2: (0. 0. 1.) 276.875
     Plane 3: (-1. -0. 0.) -174.125
     Plane 4: (-0. -1. -0.) -64.875
     Plane 5: (-0. -0. -1.) -284.125
   [Portal 0] (id 0)
     Plane:  (1. 0. 0.) 173.125
     Center: (-173.125 -63. -280.5)
     3 to 2
     Edges:
       [0] (-0. 0. 1.) 276.875
       [1] (-0. 1. -0.) 61.125
       [2] (0. -1. 0.) -64.875
       [3] (0. -0. -1.) -284.125
   [Portal 1] (id 5)
     Plane:  (-1. -0. -0.) -174.125
     Center: (-174.125 -63. -280.5)
     3 to 4
     Edges:
       [0] (-0. 0. 1.) 276.875
       [1] (-0. 1. -0.) 61.125
       [2] (0. -1. 0.) -64.875
       [3] (0. -0. -1.) -284.125

[ROOM 4    Obj 1060   Name "InsideFishmongersRoom"]
   Archetype: InteriorRoom (1059)
   Center: (-174.5 -63. -280.5)
     Plane 0: (1. 0. -0.) 173.875
     Plane 1: (0. 1. 0.) 61.125
     Plane 2: (0. 0. 1.) 276.875
     Plane 3: (-1. -0. 0.) -175.125
     Plane 4: (-0. -1. -0.) -64.875
     Plane 5: (-0. -0. -1.) -284.125
   [Portal 0] (id 3)
     Plane:  (-1. -0. -0.) -174.875
     Center: (-174.875 -63. -280.5)
     4 to 0
     Edges:
       [0] (-0. 0. 1.) 276.875
       [1] (-0. 1. -0.) 61.125
       [2] (0. -1. 0.) -64.875
       [3] (0. -0. -1.) -284.125
   [Portal 1] (id 4)
     Plane:  (1. 0. 0.) 174.125
     Center: (-174.125 -63. -280.5)
     4 to 3
     Edges:
       [0] (-0. 0. 1.) 276.875
       [1] (-0. 1. -0.) 61.125
       [2] (0. -1. 0.) -64.875
       [3] (0. -0. -1.) -284.125

[ROOM 5    Obj 1056   Name "AlleyRoom"]
   Archetype: ExteriorRoom (1049)
   Center: (-165. -43.5 -276.)
     Plane 0: (1. 0. -0.) 156.875
     Plane 1: (0. 1. 0.) 35.375
     Plane 2: (0. 0. 1.) 267.875
     Plane 3: (-1. -0. 0.) -173.125
     Plane 4: (-0. -1. -0.) -51.625
     Plane 5: (-0. -0. -1.) -284.125
   [Portal 0] (id 7)
     Plane:  (0. -1. -0.) -51.375
     Center: (-165. -51.375 -276.)
     5 to 2
     Edges:
       [0] (0. -0. 1.) 267.875
       [1] (-1. -0. -0.) -173.125
       [2] (1. 0. 0.) 156.875
       [3] (-0. 0. -1.) -284.125
   [Portal 1] (id 10)
     Plane:  (1. 0. 0.) 156.875
     Center: (-156.875 -47. -280.)
     5 to 6
     Edges:
       [0] (-0. 0. 1.) 275.875
       [1] (-0. 1. -0.) 43.875
       [2] (0. -1. 0.) -50.125
       [3] (0. -0. -1.) -284.125

[ROOM 6    Obj 1056   Name "AlleyRoom"]
   Archetype: ExteriorRoom (1049)
   Center: (-149. -47. -280.)
     Plane 0: (1. 0. -0.) 140.875
     Plane 1: (0. 1. 0.) 43.875
     Plane 2: (0. 0. 1.) 275.875
     Plane 3: (-1. -0. 0.) -157.125
     Plane 4: (-0. -1. -0.) -50.125
     Plane 5: (-0. -0. -1.) -284.125
   [Portal 0] (id 8)
     Plane:  (1. 0. 0.) 144.125
     Center: (-144.125 -47. -280.)
     6 to 1
     Edges:
       [0] (-0. 0. 1.) 275.875
       [1] (-0. 1. -0.) 43.875
       [2] (0. -1. 0.) -50.125
       [3] (0. -0. -1.) -284.125
   [Portal 1] (id 11)
     Plane:  (-1. -0. -0.) -156.875
     Center: (-156.875 -47. -280.)
     6 to 5
     Edges:
       [0] (-0. 0. 1.) 275.875
       [1] (-0. 1. -0.) 43.875
       [2] (0. -1. 0.) -50.125
       [3] (0. -0. -1.) -284.125

[ROOM 7    Obj 1052   Name "StreetRoom"]
   Archetype: ExteriorRoom (1049)
   Center: (-36. -133. -284.)
     Plane 0: (1. 0. -0.) 16.875
     Plane 1: (0. 1. 0.) 110.875
     Plane 2: (0. 0. 1.) 271.875
     Plane 3: (-1. -0. 0.) -55.125
     Plane 4: (-0. -1. -0.) -155.125
     Plane 5: (-0. -0. -1.) -296.125
   [Portal 0] (id 19)
     Plane:  (-1. -0. -0.) -55.125
     Center: (-55.125 -135. -284.)
     7 to 13
     Edges:
       [0] (-0. 0. 1.) 271.875
       [1] (-0. 0.99999994 -0.) 114.87499
       [2] (0. -0.99999994 0.) -155.12498
       [3] (0. -0. -1.) -296.125
   [Portal 1] (id 76)
     Plane:  (-0.70710683 0. 0.70710683) 153.44218
     Center: (-55. -135. -272.)
     7 to 28
     Edges:
       [0] (-0.70710677 -0. -0.70710677) -231.4007
       [1] (-0. 0.99999994 -0.) 114.87499
       [2] (0. -0.99999994 0.) -155.12498
       [3] (0.70710677 0. 0.70710677) 231.04713

[ROOM 8    Obj 1052   Name "StreetRoom"]
   Archetype: ExteriorRoom (1049)
   Center: (-85. -133. -284.5)
     Plane 0: (1. 0. -0.) 69.875
     Plane 1: (0. 1. 0.) 110.875
     Plane 2: (0. 0. 1.) 272.875
     Plane 3: (-1. -0. 0.) -100.125
     Plane 4: (-0. -1. -0.) -155.125
     Plane 5: (-0. -0. -1.) -296.125
   [Portal 0] (id 12)
     Plane:  (0. 0. 1.) 272.875
     Center: (-85. -133. -272.875)
     8 to 9
     Edges:
       [0] (0. 0.99999994 -0.) 110.87499
       [1] (-1. 0. 0.) -100.125
       [2] (1. -0. -0.) 69.875
       [3] (0. -0.99999994 0.) -155.12498
   [Portal 1] (id 21)
     Plane:  (0.99994224 0. 1.0752067e-002) 73.054916
     Center: (-70. -135. -284.5)
     8 to 13
     Edges:
       [0] (1.0752066e-002 0. -0.99994212) -295.35657
       [1] (-0. 1. -0.) 114.875
       [2] (0. -1. 0.) -155.125
       [3] (-1.0752066e-002 -0. 0.99994212) 272.10522
   [Portal 2] (id 41)
     Plane:  (-0. 0.99986565 1.639124e-002) 115.58283
     Center: (-79.5 -111. -280.5)
     8 to 20
     Edges:
       [0] (0. 1.639124e-002 -0.99986565) -286.26892
       [1] (-1. -0. -0.) -89.125
       [2] (1. 0. 0.) 69.875
       [3] (-0. -1.639124e-002 0.99986565) 271.01688

[ROOM 9    Obj 1052   Name "StreetRoom"]
   Archetype: ExteriorRoom (1049)
   Center: (-85. -133. -264.5)
     Plane 0: (1. 0. -0.) 69.875
     Plane 1: (0. 1. 0.) 110.875
     Plane 2: (0. 0. 1.) 255.875
     Plane 3: (-1. -0. 0.) -100.125
     Plane 4: (-0. -1. -0.) -155.125
     Plane 5: (-0. -0. -1.) -273.125
   [Portal 0] (id 13)
     Plane:  (-0. -0. -1.) -272.875
     Center: (-85. -133. -272.875)
     9 to 8
     Edges:
       [0] (0. 0.99999994 -0.) 110.87499
       [1] (-1. 0. 0.) -100.125
       [2] (1. -0. -0.) 69.875
       [3] (0. -0.99999994 0.) -155.12498
   [Portal 1] (id 22)
     Plane:  (0.98058069 0. -0.19611613) 15.199001
     Center: (-70. -135. -272.5)
     9 to 13
     Edges:
       [0] (0.19611613 0. 0.98058069) 280.29898
       [1] (-0. 1. 0.) 114.875
       [2] (0. -1. -0.) -155.125
       [3] (-0.19611613 -0. -0.98058069) -281.57373
   [Portal 2] (id 30)
     Plane:  (-0. 1. 0.) 110.875
     Center: (-70. -110.875 -262.5)
     9 to 16
     Edges:
       [0] (0. -0. 1.) 258.875
       [1] (-1. -0. -0.) -70.125
       [2] (1. 0. 0.) 69.875
       [3] (-0. 0. -1.) -266.125
   [Portal 3] (id 42)
     Plane:  (0. 0.98058069 -0.19611613) 55.402809
     Center: (-79.5 -111. -272.5)
     9 to 20
     Edges:
       [0] (-0. 0.19611613 0.98058069) 288.33975
       [1] (-1. -0. -0.) -89.125
       [2] (1. 0. 0.) 69.875
       [3] (0. -0.19611613 -0.98058069) -289.6145
   [Portal 4] (id 48)
     Plane:  (-0. 1. 0.) 110.875
     Center: (-79.5 -110.875 -264.)
     9 to 21
     Edges:
       [0] (0. -0. 1.) 255.875
       [1] (-1. -0. -0.) -89.125
       [2] (1. 0. 0.) 69.875
       [3] (-0. 0. -1.) -272.125
   [Portal 5] (id 78)
     Plane:  (0.99999994 0. 0.) 69.874992
     Center: (-69.875 -135. -264.)
     9 to 28
     Edges:
       [0] (-0. 0. 1.) 255.875
       [1] (-0. 1. -0.) 114.875
       [2] (0. -1. 0.) -155.125
       [3] (0. -0. -1.) -272.125

[ROOM 10    Obj 1059   Name "InteriorRoom"]
   Archetype: Default Room (170)
   Center: (-64. -109. -272.5)
     Plane 0: (1. 0. -0.) 59.375
     Plane 1: (0. 1. 0.) 104.375
     Plane 2: (0. 0. 1.) 256.875
     Plane 3: (-1. -0. 0.) -68.625
     Plane 4: (-0. -1. -0.) -113.625
     Plane 5: (-0. -0. -1.) -288.125
   [Portal 0] (id 15)
     Plane:  (0. -1. -0.) -113.625
     Center: (-64. -113.625 -284.5)
     10 to 11
     Edges:
       [0] (0. -0. 1.) 280.875
       [1] (-1. -0. -0.) -65.875
       [2] (1. 0. 0.) 62.125
       [3] (-0. 0. -1.) -288.125
   [Portal 1] (id 29)
     Plane:  (-1. -0. -0.) -68.625
     Center: (-68.625 -109. -262.5)
     10 to 15
     Edges:
       [0] (-0. 0. 1.) 258.875
       [1] (-0. 1. -0.) 107.125
       [2] (0. -1. 0.) -110.875
       [3] (0. -0. -1.) -266.125

[ROOM 11    Obj 1059   Name "InteriorRoom"]
   Archetype: Default Room (170)
   Center: (-64. -113.75 -284.5)
     Plane 0: (1. 0. -0.) 62.125
     Plane 1: (0. 1. 0.) 113.375
     Plane 2: (0. 0. 1.) 280.875
     Plane 3: (-1. -0. 0.) -65.875
     Plane 4: (-0. -1. -0.) -114.125
     Plane 5: (-0. -0. -1.) -288.125
   [Portal 0] (id 14)
     Plane:  (-0. 1. 0.) 113.625
     Center: (-64. -113.625 -284.5)
     11 to 10
     Edges:
       [0] (0. -0. 1.) 280.875
       [1] (-1. -0. -0.) -65.875
       [2] (1. 0. 0.) 62.125
       [3] (-0. 0. -1.) -288.125
   [Portal 1] (id 17)
     Plane:  (0. -1. -0.) -114.125
     Center: (-64. -114.125 -284.5)
     11 to 12
     Edges:
       [0] (0. -0. 1.) 280.875
       [1] (-1. -0. -0.) -65.875
       [2] (1. 0. 0.) 62.125
       [3] (-0. 0. -1.) -288.125

[ROOM 12    Obj 1049   Name "ExteriorRoom"]
   Archetype: Default Room (170)
   Center: (-64. -114.5 -284.5)
     Plane 0: (1. 0. -0.) 62.125
     Plane 1: (0. 1. 0.) 113.875
     Plane 2: (0. 0. 1.) 280.875
     Plane 3: (-1. -0. 0.) -65.875
     Plane 4: (-0. -1. -0.) -115.125
     Plane 5: (-0. -0. -1.) -288.125
   [Portal 0] (id 16)
     Plane:  (-0. 1. 0.) 114.125
     Center: (-64. -114.125 -284.5)
     12 to 11
     Edges:
       [0] (0. -0. 1.) 280.875
       [1] (-1. -0. -0.) -65.875
       [2] (1. 0. 0.) 62.125
       [3] (-0. 0. -1.) -288.125
   [Portal 1] (id 25)
     Plane:  (0. -1. -0.) -114.875
     Center: (-64. -114.875 -284.5)
     12 to 13
     Edges:
       [0] (0. -0. 1.) 280.875
       [1] (-1. -0. -0.) -65.875
       [2] (1. 0. 0.) 62.125
       [3] (-0. 0. -1.) -288.125

[ROOM 13    Obj 1052   Name "StreetRoom"]
   Archetype: ExteriorRoom (1049)
   Center: (-62.5 -135. -284.)
     Plane 0: (1. 0. -0.) 54.875
     Plane 1: (0. 1. 0.) 114.875
     Plane 2: (0. 0. 1.) 271.875
     Plane 3: (-1. -0. 0.) -70.125
     Plane 4: (-0. -1. -0.) -155.125
     Plane 5: (-0. -0. -1.) -296.125
   [Portal 0] (id 18)
     Plane:  (1. 0. 0.) 55.125
     Center: (-55.125 -135. -284.)
     13 to 7
     Edges:
       [0] (-0. 0. 1.) 271.875
       [1] (-0. 0.99999994 -0.) 114.87499
       [2] (0. -0.99999994 0.) -155.12498
       [3] (0. -0. -1.) -296.125
   [Portal 1] (id 20)
     Plane:  (-0.99994224 -0. -1.0752067e-002) -73.054916
     Center: (-70. -135. -284.5)
     13 to 8
     Edges:
       [0] (1.0752066e-002 0. -0.99994212) -295.35657
       [1] (-0. 1. -0.) 114.875
       [2] (0. -1. 0.) -155.125
       [3] (-1.0752066e-002 -0. 0.99994212) 272.10522
   [Portal 2] (id 23)
     Plane:  (-0.98058069 -0. 0.19611613) -15.199001
     Center: (-70. -135. -272.5)
     13 to 9
     Edges:
       [0] (0.19611613 0. 0.98058069) 280.29898
       [1] (-0. 1. 0.) 114.875
       [2] (0. -1. -0.) -155.125
       [3] (-0.19611613 -0. -0.98058069) -281.57373
   [Portal 3] (id 24)
     Plane:  (-0. 1. 0.) 114.875
     Center: (-64. -114.875 -284.5)
     13 to 12
     Edges:
       [0] (0. -0. 1.) 280.875
       [1] (-1. -0. -0.) -65.875
       [2] (1. 0. 0.) 62.125
       [3] (-0. 0. -1.) -288.125
   [Portal 4] (id 80)
     Plane:  (0. 0. 1.) 271.875
     Center: (-62.5 -135. -271.875)
     13 to 28
     Edges:
       [0] (0. 0.99999994 -0.) 114.87499
       [1] (-1. 0. 0.) -70.125
       [2] (1. -0. -0.) 54.875
       [3] (0. -0.99999994 0.) -155.12498

[ROOM 14    Obj 1059   Name "InteriorRoom"]
   Archetype: Default Room (170)
   Center: (-146.5 -76. -279.)
     Plane 0: (1. 0. -0.) 141.375
     Plane 1: (0. 1. 0.) 69.875
     Plane 2: (0. 0. 1.) 273.875
     Plane 3: (-1. -0. 0.) -151.625
     Plane 4: (-0. -1. -0.) -82.125
     Plane 5: (-0. -0. -1.) -284.125
   [Portal 0] (id 26)
     Plane:  (1. 0. 0.) 144.125
     Center: (-144.125 -76. -279.)
     14 to 1
     Edges:
       [0] (-0. 0. 1.) 273.875
       [1] (-0. 0.99999994 -0.) 69.874992
       [2] (0. -0.99999994 0.) -82.124992
       [3] (0. -0. -1.) -284.125

[ROOM 15    Obj 1059   Name "InteriorRoom"]
   Archetype: Default Room (170)
   Center: (-68.75 -109. -262.5)
     Plane 0: (1. 0. -0.) 68.375
     Plane 1: (0. 1. 0.) 107.125
     Plane 2: (0. 0. 1.) 258.875
     Plane 3: (-1. -0. 0.) -69.125
     Plane 4: (-0. -1. -0.) -110.875
     Plane 5: (-0. -0. -1.) -266.125
   [Portal 0] (id 28)
     Plane:  (1. 0. 0.) 68.625
     Center: (-68.625 -109. -262.5)
     15 to 10
     Edges:
       [0] (-0. 0. 1.) 258.875
       [1] (-0. 1. -0.) 107.125
       [2] (0. -1. 0.) -110.875
       [3] (0. -0. -1.) -266.125
   [Portal 1] (id 33)
     Plane:  (-1. -0. -0.) -69.125
     Center: (-69.125 -109. -262.5)
     15 to 16
     Edges:
       [0] (-0. 0. 1.) 258.875
       [1] (-0. 1. -0.) 107.125
       [2] (0. -1. 0.) -110.875
       [3] (0. -0. -1.) -266.125

[ROOM 16    Obj 1049   Name "ExteriorRoom"]
   Archetype: Default Room (170)
   Center: (-69.5 -109. -262.5)
     Plane 0: (1. 0. -0.) 68.875
     Plane 1: (0. 1. 0.) 107.125
     Plane 2: (0. 0. 1.) 258.875
     Plane 3: (-1. -0. 0.) -70.125
     Plane 4: (-0. -1. -0.) -110.875
     Plane 5: (-0. -0. -1.) -266.125
   [Portal 0] (id 31)
     Plane:  (0. -1. -0.) -110.875
     Center: (-70. -110.875 -262.5)
     16 to 9
     Edges:
       [0] (0. -0. 1.) 258.875
       [1] (-1. -0. -0.) -70.125
       [2] (1. 0. 0.) 69.875
       [3] (-0. 0. -1.) -266.125
   [Portal 1] (id 32)
     Plane:  (1. 0. 0.) 69.125
     Center: (-69.125 -109. -262.5)
     16 to 15
     Edges:
       [0] (-0. 0. 1.) 258.875
       [1] (-0. 1. -0.) 107.125
       [2] (0. -1. 0.) -110.875
       [3] (0. -0. -1.) -266.125
   [Portal 2] (id 51)
     Plane:  (-1. -0. -0.) -69.875
     Center: (-69.875 -109. -262.5)
     16 to 21
     Edges:
       [0] (-0. 0. 1.) 258.875
       [1] (-0. 1. -0.) 107.125
       [2] (0. -1. 0.) -110.875
       [3] (0. -0. -1.) -266.125

[ROOM 17    Obj 1050   Name "PlazaRoom"]
   Archetype: ExteriorRoom (1049)
   Center: (-74.5 -72. -280.)
     Plane 0: (1. 0. -0.) 68.875
     Plane 1: (0. 1. 0.) 40.875
     Plane 2: (0. 0. 1.) 271.875
     Plane 3: (-1. -0. 0.) -80.125
     Plane 4: (-0. -1. -0.) -103.125
     Plane 5: (-0. -0. -1.) -288.125
   [Portal 0] (id 34)
     Plane:  (1. 0. 0.) 68.875
     Center: (-68.875 -97. -280.)
     17 to 18
     Edges:
       [0] (-0. 0. 1.) 271.875
       [1] (-0. 1. -0.) 90.875
       [2] (0. -1. 0.) -103.125
       [3] (0. -0. -1.) -288.125
   [Portal 1] (id 38)
     Plane:  (-0.99999189 4.0160315e-003 0.) -79.710197
     Center: (-80. -72. -280.)
     17 to 19
     Edges:
       [0] (0. -0. 1.) 271.875
       [1] (-4.0160315e-003 -0.99999189 -0.) -103.44595
       [2] (4.0160315e-003 0.99999189 0.) 41.19545
       [3] (-0. 0. -1.) -288.125
   [Portal 2] (id 45)
     Plane:  (-2.4382994e-002 -0.99970269 -0.) -104.7981
     Center: (-75. -103. -280.)
     17 to 20
     Edges:
       [0] (-0. 0. 1.) 271.875
       [1] (-0.99970269 2.4382994e-002 -0.) -77.592781
       [2] (0.99970269 -2.4382994e-002 0.) 67.339729
       [3] (0. -0. -1.) -288.125
   [Portal 3] (id 52)
     Plane:  (-1.7243942e-002 -0.70700163 0.70700163) 118.27835
     Center: (-73.291672 -102.95834 -272.04169)
     17 to 21
     Edges:
       [0] (-1.7238816e-002 -0.70679146 -0.70721191) -266.54248
       [1] (-1.7238816e-002 0.70721191 0.70679146) 263.7088
       [2] (0.99985129 -1.2193308e-002 1.2193308e-002) 71.925278
   [Portal 4] (id 59)
     Plane:  (0.70710683 0. 0.70710683) 241.12343
     Center: (-69. -97. -272.)
     17 to 22
     Edges:
       [0] (0.70710677 0. -0.70710677) -143.71945
       [1] (-0. 0.99999994 -0.) 90.874992
       [2] (0. -0.99999994 0.) -103.12499
       [3] (-0.70710677 -0. 0.70710677) 143.36589
   [Portal 5] (id 62)
     Plane:  (1. 0. 0.) 68.875
     Center: (-68.875 -83.5 -280.5)
     17 to 23
     Edges:
       [0] (-0. 0. 1.) 272.875
       [1] (-0. 0.99999994 -0.) 76.374992
       [2] (0. -0.99999994 0.) -90.624992
       [3] (0. -0. -1.) -288.125
   [Portal 6] (id 64)
     Plane:  (1. 0. 0.) 68.875
     Center: (-68.875 -64.5 -280.5)
     17 to 24
     Edges:
       [0] (-0. 0. 1.) 272.875
       [1] (-0. 0.99999994 -0.) 53.374996
       [2] (0. -0.99999994 0.) -75.624992
       [3] (0. -0. -1.) -288.125
   [Portal 7] (id 66)
     Plane:  (-4.5925692e-002 0.99894482 0.) 37.221584
     Center: (-79.368225 -40.90979 -280.5)
     17 to 25
     Edges:
       [0] (0. -0. 1.) 272.875
       [1] (-0.99894476 -4.5925688e-002 -0.) -81.92086
       [2] (0.99894476 4.5925688e-002 0.) 80.405716
       [3] (-0. 0. -1.) -288.125

[ROOM 18    Obj 1050   Name "PlazaRoom"]
   Archetype: ExteriorRoom (1049)
   Center: (-63.5 -97. -280.)
     Plane 0: (1. 0. -0.) 57.875
     Plane 1: (0. 1. 0.) 90.875
     Plane 2: (0. 0. 1.) 271.875
     Plane 3: (-1. -0. 0.) -69.125
     Plane 4: (-0. -1. -0.) -103.125
     Plane 5: (-0. -0. -1.) -288.125
   [Portal 0] (id 35)
     Plane:  (-1. -0. -0.) -68.875
     Center: (-68.875 -97. -280.)
     18 to 17
     Edges:
       [0] (-0. 0. 1.) 271.875
       [1] (-0. 1. -0.) 90.875
       [2] (0. -1. 0.) -103.125
       [3] (0. -0. -1.) -288.125
   [Portal 1] (id 60)
     Plane:  (0. 0. 1.) 271.875
     Center: (-63.5 -97. -271.875)
     18 to 22
     Edges:
       [0] (0. 1. -0.) 90.875
       [1] (-1. 0. 0.) -69.125
       [2] (1. -0. -0.) 57.875
       [3] (0. -1. 0.) -103.125

[ROOM 19    Obj 1050   Name "PlazaRoom"]
   Archetype: ExteriorRoom (1049)
   Center: (-90.5 -56. -280.)
     Plane 0: (1. 0. -0.) 79.875
     Plane 1: (0. 1. 0.) 8.875
     Plane 2: (0. 0. 1.) 271.875
     Plane 3: (-1. -0. 0.) -101.125
     Plane 4: (-0. -1. -0.) -103.125
     Plane 5: (-0. -0. -1.) -288.125
   [Portal 0] (id 37)
     Plane:  (-1. -0. -0.) -99.875
     Center: (-99.875 -56. -280.)
     19 to 1
     Edges:
       [0] (-0. 0. 1.) 271.875
       [1] (-0. 1. -0.) 8.875
       [2] (0. -1. 0.) -103.125
       [3] (0. -0. -1.) -288.125
   [Portal 1] (id 39)
     Plane:  (0.99999189 -4.0160315e-003 -0.) 79.710197
     Center: (-80. -72. -280.)
     19 to 17
     Edges:
       [0] (0. -0. 1.) 271.875
       [1] (-4.0160315e-003 -0.99999189 -0.) -103.44595
       [2] (4.0160315e-003 0.99999189 0.) 41.19545
       [3] (-0. 0. -1.) -288.125
   [Portal 2] (id 46)
     Plane:  (2.7017163e-002 -0.99963504 0.) -100.67946
     Center: (-84.5 -103. -280.)
     19 to 20
     Edges:
       [0] (0. 0. 1.) 271.875
       [1] (0.99963498 2.7017159e-002 0.) 82.625237
       [2] (-0.99963498 -2.7017159e-002 -0.) -91.878609
       [3] (-0. -0. -1.) -288.125
   [Portal 3] (id 55)
     Plane:  (1.9107506e-002 -0.70697773 0.70697773) 121.18219
     Center: (-86.041672 -102.95834 -272.04169)
     19 to 21
     Edges:
       [0] (1.9100528e-002 -0.70671958 -0.70723581) -263.63467
       [1] (1.9100528e-002 0.70723581 0.70671958) 266.5986
       [2] (-0.99981737 -1.3511046e-002 1.3511046e-002) -86.825356
   [Portal 4] (id 68)
     Plane:  (1. 0. 0.) 79.875
     Center: (-79.875 -36.93351 -280.5)
     19 to 25
     Edges:
       [0] (-0. 0. 1.) 272.875
       [1] (-0. 0.99999994 -0.) 32.468636
       [2] (0. -0.99999994 0.) -41.398373
       [3] (0. -0. -1.) -288.125

[ROOM 20    Obj 1050   Name "PlazaRoom"]
   Archetype: ExteriorRoom (1049)
   Center: (-79.5 -107. -280.)
     Plane 0: (1. 0. -0.) 69.875
     Plane 1: (0. 1. 0.) 102.875
     Plane 2: (0. 0. 1.) 271.875
     Plane 3: (-1. -0. 0.) -89.125
     Plane 4: (-0. -1. -0.) -111.125
     Plane 5: (-0. -0. -1.) -288.125
   [Portal 0] (id 40)
     Plane:  (0. -0.99986565 -1.639124e-002) -115.58283
     Center: (-79.5 -111. -280.5)
     20 to 8
     Edges:
       [0] (0. 1.639124e-002 -0.99986565) -286.26892
       [1] (-1. -0. -0.) -89.125
       [2] (1. 0. 0.) 69.875
       [3] (-0. -1.639124e-002 0.99986565) 271.01688
   [Portal 1] (id 43)
     Plane:  (-0. -0.98058069 0.19611613) -55.402809
     Center: (-79.5 -111. -272.5)
     20 to 9
     Edges:
       [0] (-0. 0.19611613 0.98058069) 288.33975
       [1] (-1. -0. -0.) -89.125
       [2] (1. 0. 0.) 69.875
       [3] (0. -0.19611613 -0.98058069) -289.6145
   [Portal 2] (id 44)
     Plane:  (2.4382994e-002 0.99970269 0.) 104.7981
     Center: (-75. -103. -280.)
     20 to 17
     Edges:
       [0] (-0. 0. 1.) 271.875
       [1] (-0.99970269 2.4382994e-002 -0.) -77.592781
       [2] (0.99970269 -2.4382994e-002 0.) 67.339729
       [3] (0. -0. -1.) -288.125
   [Portal 3] (id 47)
     Plane:  (-2.7017163e-002 0.99963504 -0.) 100.67946
     Center: (-84.5 -103. -280.)
     20 to 19
     Edges:
       [0] (0. 0. 1.) 271.875
       [1] (0.99963498 2.7017159e-002 0.) 82.625237
       [2] (-0.99963498 -2.7017159e-002 -0.) -91.878609
       [3] (-0. -0. -1.) -288.125
   [Portal 4] (id 56)
     Plane:  (0. 0. 1.) 271.875
     Center: (-79.5 -107. -271.875)
     20 to 21
     Edges:
       [0] (0. 1. -0.) 102.875
       [1] (-1. 0. 0.) -89.125
       [2] (1. -0. -0.) 69.875
       [3] (0. -1. 0.) -111.125

[ROOM 21    Obj 1050   Name "PlazaRoom"]
   Archetype: ExteriorRoom (1049)
   Center: (-79.5 -107. -264.)
     Plane 0: (1. 0. -0.) 69.875
     Plane 1: (0. 1. 0.) 102.875
     Plane 2: (0. 0. 1.) 255.875
     Plane 3: (-1. -0. 0.) -89.125
     Plane 4: (-0. -1. -0.) -111.125
     Plane 5: (-0. -0. -1.) -272.125
   [Portal 0] (id 49)
     Plane:  (0. -1. -0.) -110.875
     Center: (-79.5 -110.875 -264.)
     21 to 9
     Edges:
       [0] (0. -0. 1.) 255.875
       [1] (-1. -0. -0.) -89.125
       [2] (1. 0. 0.) 69.875
       [3] (-0. 0. -1.) -272.125
   [Portal 1] (id 50)
     Plane:  (1. 0. 0.) 69.875
     Center: (-69.875 -109. -262.5)
     21 to 16
     Edges:
       [0] (-0. 0. 1.) 258.875
       [1] (-0. 1. -0.) 107.125
       [2] (0. -1. 0.) -110.875
       [3] (0. -0. -1.) -266.125
   [Portal 2] (id 53)
     Plane:  (1.7243942e-002 0.70700163 -0.70700163) -118.27835
     Center: (-73.291672 -102.95834 -272.04169)
     21 to 17
     Edges:
       [0] (-1.7238816e-002 -0.70679146 -0.70721191) -266.54248
       [1] (-1.7238816e-002 0.70721191 0.70679146) 263.7088
       [2] (0.99985129 -1.2193308e-002 1.2193308e-002) 71.925278
   [Portal 3] (id 54)
     Plane:  (-1.9107506e-002 0.70697773 -0.70697773) -121.18219
     Center: (-86.041672 -102.95834 -272.04169)
     21 to 19
     Edges:
       [0] (1.9100528e-002 -0.70671958 -0.70723581) -263.63467
       [1] (1.9100528e-002 0.70723581 0.70671958) 266.5986
       [2] (-0.99981737 -1.3511046e-002 1.3511046e-002) -86.825356
   [Portal 4] (id 57)
     Plane:  (-0. -0. -1.) -271.875
     Center: (-79.5 -107. -271.875)
     21 to 20
     Edges:
       [0] (0. 1. -0.) 102.875
       [1] (-1. 0. 0.) -89.125
       [2] (1. -0. -0.) 69.875
       [3] (0. -1. 0.) -111.125

[ROOM 22    Obj 1050   Name "PlazaRoom"]
   Archetype: ExteriorRoom (1049)
   Center: (-63.5 -97. -264.)
     Plane 0: (1. 0. -0.) 57.875
     Plane 1: (0. 1. 0.) 90.875
     Plane 2: (0. 0. 1.) 255.875
     Plane 3: (-1. -0. 0.) -69.125
     Plane 4: (-0. -1. -0.) -103.125
     Plane 5: (-0. -0. -1.) -272.125
   [Portal 0] (id 58)
     Plane:  (-0.70710683 -0. -0.70710683) -241.12343
     Center: (-69. -97. -272.)
     22 to 17
     Edges:
       [0] (0.70710677 0. -0.70710677) -143.71945
       [1] (-0. 0.99999994 -0.) 90.874992
       [2] (0. -0.99999994 0.) -103.12499
       [3] (-0.70710677 -0. 0.70710677) 143.36589
   [Portal 1] (id 61)
     Plane:  (-0. -0. -1.) -271.875
     Center: (-63.5 -97. -271.875)
     22 to 18
     Edges:
       [0] (0. 1. -0.) 90.875
       [1] (-1. 0. 0.) -69.125
       [2] (1. -0. -0.) 57.875
       [3] (0. -1. 0.) -103.125

[ROOM 23    Obj 1050   Name "PlazaRoom"]
   Archetype: ExteriorRoom (1049)
   Center: (-65. -83.5 -280.5)
     Plane 0: (1. 0. -0.) 60.875
     Plane 1: (0. 1. 0.) 76.375
     Plane 2: (0. 0. 1.) 272.875
     Plane 3: (-1. -0. 0.) -69.125
     Plane 4: (-0. -1. -0.) -90.625
     Plane 5: (-0. -0. -1.) -288.125
   [Portal 0] (id 63)
     Plane:  (-1. -0. -0.) -68.875
     Center: (-68.875 -83.5 -280.5)
     23 to 17
     Edges:
       [0] (-0. 0. 1.) 272.875
       [1] (-0. 0.99999994 -0.) 76.374992
       [2] (0. -0.99999994 0.) -90.624992
       [3] (0. -0. -1.) -288.125

[ROOM 24    Obj 1050   Name "PlazaRoom"]
   Archetype: ExteriorRoom (1049)
   Center: (-65. -64.5 -280.5)
     Plane 0: (1. 0. -0.) 60.875
     Plane 1: (0. 1. 0.) 53.375
     Plane 2: (0. 0. 1.) 272.875
     Plane 3: (-1. -0. 0.) -69.125
     Plane 4: (-0. -1. -0.) -75.625
     Plane 5: (-0. -0. -1.) -288.125
   [Portal 0] (id 65)
     Plane:  (-1. -0. -0.) -68.875
     Center: (-68.875 -64.5 -280.5)
     24 to 17
     Edges:
       [0] (-0. 0. 1.) 272.875
       [1] (-0. 0.99999994 -0.) 53.374996
       [2] (0. -0.99999994 0.) -75.624992
       [3] (0. -0. -1.) -288.125

[ROOM 25    Obj 1056   Name "AlleyRoom"]
   Archetype: ExteriorRoom (1049)
   Center: (-74. -34.5 -280.5)
     Plane 0: (0.9238795 0.38268346 -0.) 73.444664
     Plane 1: (-0.38268346 0.9238795 0.) -0.56973183
     Plane 2: (0. 0. 1.) 272.875
     Plane 3: (-0.9238795 -0.38268346 0.) -89.694664
     Plane 4: (0.38268346 -0.9238795 -0.) -7.6802678
     Plane 5: (-0. -0. -1.) -288.125
   [Portal 0] (id 67)
     Plane:  (4.5925692e-002 -0.99894482 -0.) -37.221584
     Center: (-79.368225 -40.90979 -280.5)
     25 to 17
     Edges:
       [0] (0. -0. 1.) 272.875
       [1] (-0.99894476 -4.5925688e-002 -0.) -81.92086
       [2] (0.99894476 4.5925688e-002 0.) 80.405716
       [3] (-0. 0. -1.) -288.125
   [Portal 1] (id 69)
     Plane:  (-1. -0. -0.) -79.875
     Center: (-79.875 -36.93351 -280.5)
     25 to 19
     Edges:
       [0] (-0. 0. 1.) 272.875
       [1] (-0. 0.99999994 -0.) 32.468636
       [2] (0. -0.99999994 0.) -41.398373
       [3] (0. -0. -1.) -288.125
   [Portal 2] (id 70)
     Plane:  (0.99344099 0.11434603 0.) 70.834305
     Center: (-67.634476 -31.863314 -280.5)
     25 to 26
     Edges:
       [0] (-0. 0. 1.) 272.875
       [1] (-0.11434603 0.99344093 -0.) 19.630764
       [2] (0.11434603 -0.99344093 0.) -28.210409
       [3] (0. -0. -1.) -288.125
   [Portal 3] (id 73)
     Plane:  (0. 1. 0.) 27.625
     Center: (-68.117355 -27.625 -280.5)
     25 to 27
     Edges:
       [0] (0. -0. 1.) 272.875
       [1] (0.99999994 -0. -0.) 68.053276
       [2] (-0.99999994 0. 0.) -68.181419
       [3] (-0. 0. -1.) -288.125

[ROOM 26    Obj 1049   Name "ExteriorRoom"]
   Archetype: Default Room (170)
   Center: (-63. -25.5 -280.5)
     Plane 0: (1. 0. -0.) 57.875
     Plane 1: (0. 1. 0.) 14.875
     Plane 2: (0. 0. 1.) 272.875
     Plane 3: (-1. -0. 0.) -68.125
     Plane 4: (-0. -1. -0.) -36.125
     Plane 5: (-0. -0. -1.) -288.125
   [Portal 0] (id 71)
     Plane:  (-0.99344099 -0.11434603 -0.) -70.834305
     Center: (-67.634476 -31.863314 -280.5)
     26 to 25
     Edges:
       [0] (-0. 0. 1.) 272.875
       [1] (-0.11434603 0.99344093 -0.) 19.630764
       [2] (0.11434603 -0.99344093 0.) -28.210409
       [3] (0. -0. -1.) -288.125
   [Portal 1] (id 75)
     Plane:  (-1. -0. -0.) -68.125
     Center: (-68.125 -24.5 -280.5)
     26 to 27
     Edges:
       [0] (-0. 0. 1.) 272.875
       [1] (-0. 0.99999994 -0.) 21.374998
       [2] (0. -0.99999994 0.) -27.624998
       [3] (0. -0. -1.) -288.125
   [Portal 2] (id 84)
     Plane:  (0.99970269 0. -2.4382992e-002) 51.082371
     Center: (-58. -28. -283.)
     26 to 30
     Edges:
       [0] (2.4382994e-002 0. 0.99970269) 279.20355
       [1] (-0. 1. 0.) 23.875
       [2] (0. -1. -0.) -32.125
       [3] (-2.4382994e-002 -0. -0.99970269) -289.4566

[ROOM 27    Obj 1049   Name "ExteriorRoom"]
   Archetype: Default Room (170)
   Center: (-70. -24.5 -280.5)
     Plane 0: (1. 0. -0.) 67.875
     Plane 1: (0. 1. 0.) 21.375
     Plane 2: (0. 0. 1.) 272.875
     Plane 3: (-1. -0. 0.) -72.125
     Plane 4: (-0. -1. -0.) -27.625
     Plane 5: (-0. -0. -1.) -288.125
   [Portal 0] (id 72)
     Plane:  (-0. -1. -0.) -27.625
     Center: (-68.117355 -27.625 -280.5)
     27 to 25
     Edges:
       [0] (0. -0. 1.) 272.875
       [1] (0.99999994 -0. -0.) 68.053276
       [2] (-0.99999994 0. 0.) -68.181419
       [3] (-0. 0. -1.) -288.125
   [Portal 1] (id 74)
     Plane:  (1. 0. 0.) 68.125
     Center: (-68.125 -24.5 -280.5)
     27 to 26
     Edges:
       [0] (-0. 0. 1.) 272.875
       [1] (-0. 0.99999994 -0.) 21.374998
       [2] (0. -0.99999994 0.) -27.624998
       [3] (0. -0. -1.) -288.125

[ROOM 28    Obj 1052   Name "StreetRoom"]
   Archetype: ExteriorRoom (1049)
   Center: (-62.5 -135. -264.)
     Plane 0: (1. 0. -0.) 54.875
     Plane 1: (0. 1. 0.) 114.875
     Plane 2: (0. 0. 1.) 255.875
     Plane 3: (-1. -0. 0.) -70.125
     Plane 4: (-0. -1. -0.) -155.125
     Plane 5: (-0. -0. -1.) -272.125
   [Portal 0] (id 77)
     Plane:  (0.70710683 -0. -0.70710683) -153.44218
     Center: (-55. -135. -272.)
     28 to 7
     Edges:
       [0] (-0.70710677 -0. -0.70710677) -231.4007
       [1] (-0. 0.99999994 -0.) 114.87499
       [2] (0. -0.99999994 0.) -155.12498
       [3] (0.70710677 0. 0.70710677) 231.04713
   [Portal 1] (id 79)
     Plane:  (-0.99999994 -0. -0.) -69.874992
     Center: (-69.875 -135. -264.)
     28 to 9
     Edges:
       [0] (-0. 0. 1.) 255.875
       [1] (-0. 1. -0.) 114.875
       [2] (0. -1. 0.) -155.125
       [3] (0. -0. -1.) -272.125
   [Portal 2] (id 81)
     Plane:  (-0. -0. -1.) -271.875
     Center: (-62.5 -135. -271.875)
     28 to 13
     Edges:
       [0] (0. 0.99999994 -0.) 114.87499
       [1] (-1. 0. 0.) -70.125
       [2] (1. -0. -0.) 54.875
       [3] (0. -0.99999994 0.) -155.12498

[ROOM 29    Obj 1052   Name "StreetRoom"]
   Archetype: ExteriorRoom (1049)
   Center: (-128. 9. -272.)
     Plane 0: (1. 0. -0.) 110.875
     Plane 1: (0. 1. 0.) -27.125
     Plane 2: (0. 0. 1.) 255.875
     Plane 3: (-1. -0. 0.) -145.125
     Plane 4: (-0. -1. -0.) -9.125
     Plane 5: (-0. -0. -1.) -288.125
   [Portal 0] (id 82)
     Plane:  (7.5185848e-003 -0.99997175 0.) -8.0411263
     Center: (-127.5 -9. -280.)
     29 to 1
     Edges:
       [0] (0. 0. 1.) 271.875
       [1] (0.99997169 7.5185848e-003 0.) 110.93859
       [2] (-0.99997169 -7.5185848e-003 -0.) -144.18953
       [3] (-0. -0. -1.) -288.125

[ROOM 30    Obj 170   Name "Default Room"]
   Archetype: Base Room (-531)
   Center: (-51.5 -28. -286.)
     Plane 0: (1. 0. -0.) 44.875
     Plane 1: (0. 1. 0.) 23.875
     Plane 2: (0. 0. 1.) 277.875
     Plane 3: (-1. -0. 0.) -58.125
     Plane 4: (-0. -1. -0.) -32.125
     Plane 5: (-0. -0. -1.) -294.125
   [Portal 0] (id 85)
     Plane:  (-0.99970269 -0. 2.4382992e-002) -51.082371
     Center: (-58. -28. -283.)
     30 to 26
     Edges:
       [0] (2.4382994e-002 0. 0.99970269) 279.20355
       [1] (-0. 1. 0.) 23.875
       [2] (0. -1. -0.) -32.125
       [3] (-2.4382994e-002 -0. -0.99970269) -289.4566
   [Portal 1] (id 86)
     Plane:  (1. 0. 0.) 45.125
     Center: (-45.125 -28. -286.)
     30 to 31
     Edges:
       [0] (-0. 0. 1.) 277.875
       [1] (-0. 1. -0.) 23.875
       [2] (0. -1. 0.) -32.125
       [3] (0. -0. -1.) -294.125

[ROOM 31    Obj 170   Name "Default Room"]
   Archetype: Base Room (-531)
   Center: (-41. -38. -289.)
     Plane 0: (1. 0. -0.) 36.875
     Plane 1: (0. 1. 0.) 23.875
     Plane 2: (0. 0. 1.) 277.875
     Plane 3: (-1. -0. 0.) -45.125
     Plane 4: (-0. -1. -0.) -52.125
     Plane 5: (-0. -0. -1.) -300.125
   [Portal 0] (id 87)
     Plane:  (-1. -0. -0.) -45.125
     Center: (-45.125 -28. -286.)
     31 to 30
     Edges:
       [0] (-0. 0. 1.) 277.875
       [1] (-0. 1. -0.) 23.875
       [2] (0. -1. 0.) -32.125
       [3] (0. -0. -1.) -294.125
   [Portal 1] (id 88)
     Plane:  (0.99970269 0. -2.4382992e-002) 29.796017
     Center: (-37. -48. -295.)
     31 to 32
     Edges:
       [0] (2.4382994e-002 0. 0.99970269) 290.68793
       [1] (-0. 1. 0.) 43.875
       [2] (0. -1. -0.) -52.125
       [3] (-2.4382994e-002 -0. -0.99970269) -300.94098

[ROOM 32    Obj 170   Name "Default Room"]
   Archetype: Base Room (-531)
   Center: (-32. -48. -298.)
     Plane 0: (1. 0. -0.) 26.875
     Plane 1: (0. 1. 0.) 43.875
     Plane 2: (0. 0. 1.) 289.875
     Plane 3: (-1. -0. 0.) -37.125
     Plane 4: (-0. -1. -0.) -52.125
     Plane 5: (-0. -0. -1.) -306.125
   [Portal 0] (id 89)
     Plane:  (-0.99970269 -0. 2.4382992e-002) -29.796017
     Center: (-37. -48. -295.)
     32 to 31
     Edges:
       [0] (2.4382994e-002 0. 0.99970269) 290.68793
       [1] (-0. 1. 0.) 43.875
       [2] (0. -1. -0.) -52.125
       [3] (-2.4382994e-002 -0. -0.99970269) -300.94098
